                                                                                                                                                                                                                                                          
                                                                                       11111111                                                                                                                                                           
                                                                                       11111111                                                                                                                                                           
                                                                                       11111111                                                                                                                                                           
   1111111111111111111111111          1111111111                                       11111111                                                                                                                                                           
   1111111111111111111111111          1111111111                                       11111111                                                                                                                                                           
   1111111111111111111111111          1111111111                                       11111111                                                                                                                                                           
   1111111111111111111111111          1111111111                                       11111111                                                                                                                                                           
   1111111111111111111111111          1111111111                                       11111111                                                                                                                                                           
   1111111111111111111111111          1111111111                                          11                                                                                                                      1111111111                              
   1111111111111111111111111          1111111111             111111111111                 11                                                                                                                      1111111111                              
   1111111111111111111111111          111111111111111111     111111111111                 11                                                        1111111111                                                    1111111111                              
   1111111111111111111111111          111111111111111111     111111111111   11111111      11      11111111                                          1111111111                                                    1111111111                              
   1111111111111111111111111          111111111111111111     111111111111   11111111      11      11111111                                          1111111111                                                    1111111111                              
   1111111111111111111111111                 11111111111     111111111111   11111111      11      11111111                                          1111111111                                                    1111111111                              
   1111111111111111111111111999999999999999991111111111199999111111111111999111111111111111111111111111111                                          1111111111                                                   99999 9999                               
   1111111111111111111111111999999999999999991111111111199999111111111111999111111111111111111111111111111                          111111111       1111111111                                                  99999  99999                              
   1111111111111111111111111999999999999999991111111111199999111111111111999111111119999991199999 11111111       11111111111        111111111       1111111111             111111111111                        99999    99999                             
   1111111111111111111111111                 1111111111199   111111111111   11111111  99991199999911111111       11111111111        111111111       111111111111111111     111111111111                       99999      9999                             
   1111111111111111111111111                 1111111111111111111111111111   11111111 9999911 9999911111111       11111111111        111111111       111111111111111111     111111111111                      99999        9999                            
   1111111111111111111111111                 1111111111111111111111111111          999999 11   9999999999        11111111111        111111111       111111111111111111     111111111111                    999999         99999                           
   1111111111111111111111111                 111111111111111111                   999999  11      999999999      1111111111111111111111111111              11111111111     111111111111                   999999           99999                          
   1111111111111111111111111                         1111111111                  999999   11        999999999    1111111111111111111111111111              1111111111199   111111111111                  999999             99999                         
   1111111111111111111111111                         1111111111                 99999  11111111        999999999 11111111111        111111111              1111111111199999111111111111   1111111111111111111          1111111111111111111111111111       
   1111111111111111111111111                         1111111111                99999   11111111          9999999911111111111        111111111           9991111111111199999111111111111   1111111111111111111          1111111111111111111111111111       
   1111111111111111111111111                         1111111111               99999    11111111            99999911111111111            11         999999991111111111199999111111111111   1111111111111111111          1111111111111111111111111111       
   1111111111111111111111111                         11111111119             99999     11111111               999999911                 11    9999999999999111111111111111111111111111199 1111111111111111111          111  11 9119911  11  11  111       
   1111111111111111111111111                         11111111119            99999      11111111                 999991199               119999999999999999 11111111111111111111111111119999999   11111999              111  11  119911  11  11  111       
                    9999                             111111111199          99999       11111111                    991199999         9991199999999999      111111111111111111      999999999999991111199               1111111111111111111111111111       
                    9999                                     99999 1111   99999        11111111                      119999999  9999999911999999                   1111111111          999999999911111999999999999999991111111111111111111111111111       
                     9999                                     999991111 999999         11111111                      1199999999999999999119                        1111111111               9999911111999999999999999991111111111111111111111111111       
                     9999                                      99991111999999                                        11   9999999999999 11                         1111111111                   911111999999999999999991111111111111111111111111111       
                      9999                                      999111199999                                     11111111111999999      11                         1111111111                   911111                 1111111111111111111111111111       
                      9999                                     111111111111                                      11111111111            11                         1111111111                  9911111                 111  11  11  11  11  11  111       
                       9999                                    111111111111                                      11111111111            11                         1111111111                  9911111                 111  11  11  11  11  11  111       
                       9999                                    111111111111                                      11111111111      111111111111                     11111111119                99911111                 1111111111111111111111111111       
                        9999                                   111111111111                                      11111111111      111111111111                            9999                99911111                 1111111111111111111111111111       
                        9999                                      91111                                          11111111111      111111111111                             9999              999911111                 1111111111111111111111111111       
                         9999                                    991111                                          11111111111111111111111111111                             9999             9999911111                                                    
                         9999                                    991111                                          11111111111111111111111111111                              9999            9999 11111                                                    
                          9999                                  9991111                                          11111111111      111111111111                              99999          9999  11111                                                    
                          9999                                  9991111          11111                           11111111111      111111111111                               9999         99999  11111                                                    
                           9999                                99991111          11111                           11111111111      111111111111                                9999        9999                                                            
                           9999                                99991111          11111                                            111111111111                                999111111111199                                                             
                1111111111111111111111111111111               9999               11111                                            111111111111                                 99111111111199                                                             
                1111111111111111111111111111111              99999           1111111111111                                        111111111111                                 9911111111119                                                              
                1111111111111111111111111111111              9999          11111111111111111                                                                                    91111111111                                                               
                1111111111111111111111111111111       1111111199          1111111111111111111                                                                                   91111111111                                                               
                1111111111111111111111111111111     111111111111         111111111111111111111                                                                                   1111111111                                                               
                1111111111111111111111111111111    11111111111111       11111111111111111111111                                                                      1111111111  1111111111                                                               
                                   9999999999      11111111111111       11111111111111111111111                                                                      1111111111  1111111111                                                               
                                      9999999999  1111111111111111     1111111111111111111111111                                                                     1111111111  1111111111                                                               
                                         9999999991111111111111111     1111111111111111111111111                                                                     1111111111  11111111119                                                              
                                           99999991111111111111111     1111111111111111111111111                                                                     1111111111 911111111119999                                                           
                                              99991111111111111111     1111111111111111111111111                                                                     111111111199111111111199999999                                                       
                                                 91111111111111111     1111111111111111111111111                                                                     1111111111991111111111999999999999                                                   
                                                  1111111111111111     1111111111111111111111111                                                                     1111111111991111111111  99999999999991111111111            11111                     
                                                  1111111111111111     1111111111111111111111111                                                                     11111111119 1111111111      9999999991111111111            11111                     
                                                   111111111111119     1111111111111111111111111                                                                     1111111111  1111111111          999991111111111            11111                     
                                                    11111111111199999  1111111111111111111111111                                                                   991111111111  1111111111             991111111111            11111                     
                                                    11111111111199999991111111111111111111111111                            1111111111                           99991111111111  1111111111               1111111111        1111111111111                 
                                                    11111111111199999991111111111111111111111111                            1111111111                         9999991111111111  1111111111               11111111119     11111111111111111               
                                                    111111111111   99991111111111111111111111111                            1111111111                       999999991111111111    999                          999999   1111111111111111111              
                                                    111111111111     991111111111111111111111111                            1111111111                     99999999  1111111111    999                           9999999111111111111111111111             
                    11111                            1111111111        1111111111111111111111111                            1111111111                   99999999    1111111111   9999                             999911111111111111111111111            
                    11111                             11111111         1111111111111111111111111                            1111111111                 99999999      1111111111   9999                              99911111111111111111111111            
                    11111                              111111          1111111111111111111111111                            1111111111             111111111111      1111111111   999                                 1111111111111111111111111           
                    11111                               999            1111111111111111111111111                            111111111111111111     111111111111      11111111119  999                                 1111111111111111111111111           
                1111111111111                           999            1111111111111111111111111                            111111111111111111   99111111111111             9999  999                                 1111111111111111111111111           
              11111111111111111                         999                   1111111111111111111111111                     111111111111111111 9999111111111111             9999  999                                 1111111111111111111111111           
             1111111111111111111                       9999                   1111111111111111111111111                            1111111111199999111111111111              9999 999                                 1111111111111111111111111           
            111111111111111111111                      9999                   1111111111111111111111111                            1111111111199999111111111111              9999 999                                 1111111111111111111111111           
           11111111111111111111111                     999                   91111111111111111111111111                            1111111111199999111111111111               9999999                                 1111111111111111111111111           
           11111111111111111111111                     999                 9991111111111111111111111111                            1111111111199999111111111111               9999999                                 1111111111111111111111111           
          1111111111111111111111111                    999               999991111111111111111111111111                            11111111111 999911111111111199999    111111111111111111111                         1111111111111111111111111           
          1111111111111111111111111                    999             99999991111111111111111111111111                            1111111111111111111111111111999999999111111111111111111111                         1111111111111111111111111           
          1111111111111111111111111                    999            9999999 1111111111111111111111111                            1111111111111111111111111111999999999111111111111111111111                         1111111111111111111111111           
          1111111111111111111111111                    999          9999999   1111111111111111111111111                            111111111111111111             999999111111111111111111111                         1111111111111111111111111           
          1111111111111111111111111                    999        9999999     1111111111111111111111111                                    1111111111                   111111111111111111111                         1111111111111111111111111           
          1111111111111111111111111                    999      99999999      1111111111111111111111111                                    1111111111                   111111111111111111111                         1111111111111111111111111           
          1111111111111111111111111                    999    99999999        1111111111111111111111111                                    1111111111                   111111111111111111111                         1111111111111111111111111           
          1111111111111111111111111                    999  99999999          1111111111111111111111111                                    1111111111                   111111111111111111111                         1111111111111111111111111           
          1111111111111111111111111                 11111111119999            1111111111111111111111111                                    1111111111                          9999 999999                            1111111111111111111111111           
          1111111111111111111111111                 111111111199              1111111111111111111111111                                    1111111111                          999   999999                           1111111111111111111111111           
          1111111111111111111111111        9999999991111111111                1111111111111111111111111                                    1111111111                         9999    999999                          99999                               
          1111111111111111111111111999999999999999991111111111                1111111111111111111111111                                                                       9999     999999                        99999                                
          1111111111111111111111111999999999999999991111111111                1111111111111111111111111                                                                      9999        99999                      99999                                 
          11111111111111111111111119999999999       1111111111                1111111111111111111111111                                                                      9999         99999                    99999                                  
          1111111111111111111111111                    9999                   1111111111111111111111111                                                                     9999           99999                  99999                                   
          1111111111111111111111111                    9999                   1111111111111111111111111                                                                     9999     1111111111111111111111111111111111111111111                          
          1111111111111111111111111                     999                   1111111111111111111111111                                                                     999      1111111111111111111111111111111111111111111                          
          1111111111111111111111111          1111111111111111111111111111111  1111111111111111111111111                                                                    9999      1111111111111111111111111111111111111111111                          
                         911111111111111111111111111111111111111111111111111  1111111111111111111111111                                                                    9999      1111111111111111111111111111111111111111111                          
                         911111111111111111111111111111111111111111111111111                 9999                                                                         9999       1111111111111111111111111111111111111111111                          
                        9911111111111111111111111111111111111111111111111111                  9999                                  111111111                             9999       1111111111111111111111111111111111111111111                          
                       99911111111111111111111111111111111111111111111111111                  9999               11111111111        111111111                             999        111111       999999    99999         111111                          
                       9999      11111       1111111111111111111111111111111                 1111111111          11111111111        111111111                            9999        111111        999999   9999          111111                          
                      9999       11111                   999                                 1111111111          11111111111        111111111                            9999        111111          99999 9999           111111                          
                      9999       11111                   999                                 1111111111          11111111111        111111111                           9999         111111           999999999           111111                          
                 11119999        11111      1111111111   999                                 1111111111          1111111111111111111111111111                           9999         111111            9999999            111111                          
                 11119999        11111      1111111111   999                                 1111111111999       1111111111111111111111111111                          9999          111111             99999             111111                          
                 1111999         11111      1111111111   9999                                1111111111999999    11111111111        111111111                          9999          111111              999              111111                          
                 111199          11111      1111111111   9999                                   999  99999999999 11111111111        111111111                          999           111111              999              111111                          
             111111111111        11111      1111111111    999                                   999     99999999911111111111            11                            9999           111111              9999             111111                          
             111111111111        11111      1111111111    999                                11111111      999999999911                 11                        1111111111         111111              9999             111111                          
             111111111111        11111      1111111111    999      111111111111              11111111         9999999119                11                        1111111111         111111               999             111111                          
             111111111111        11111      111111111111111111     111111111111              11111111           99999119999             11                        1111111111         1111111111111111111111111111111111111111111                          
                 1111            11111      111111111111111111     111111111111              11111111              99119999999          11                        1111111111         1111111111111111111111111111111111111111111                          
                91111            11111      111111111111111111     111111111111              11111111                1199999999999      11                        1111111111         1111111111111111111111111111111111111111111                          
                91111            11111             11111111111     111111111111              11111111                11  9999999999999  11                        1111111111         1111111111111111111111111111111111111111111                          
                91111            11111             11111111111     111111111111              11111111            11111111111999999999999119                      9999999             1111111111111111111111111111111111111111111                          
                91111                              11111111111     111111111111              11111111            1111111111199  999999991199999                 99999999             1111111111111111111111111111111111111111111                          
               991111                              11111111111     111111111111                911              911111111111        999911999999999            99999 999                                   999                                            
               991111                              11111111111     111111111111                911           999911111111111      1111111111119999999999 1111111111  999                                   999                                            
               999                                 1111111111111111111111111111                911        999999911111111111      111111111111999999999991111111111  999                                   999                                            
               999                                 1111111111111111111111111111   11111111     911     911111111911111111111      111111111111   999999991111111111  999                                   9999                                           
               999                                 111111111111111111             11111111     911  999911111111 11111111111111111111111111111        9991111111111  999                                   11111111                                       
              9999                                     99991111111111             11111111     91199999911111111 11111111111111111111111111111           1111111111  999                                 111111111111                                     
              9999                                     99991111111111             111111111111111111111111111111 11111111111      111111111111           1111111111  999                                11111111111111                                    
              999                                     9999 1111111111             111111111111111111111111111111 11111111111      111111111111               9999    999                                11111111111111                                    
              999                                    99999 1111111111             11111111     9119     11111111 11111111111      111111111111               9999    999                               1111111111111111                                   
             9999                                    9999  1111111111             11111111      11      11111111                  111111111111                9999   999                               1111111111111111                                   
             9999                                   9999   1111111111             11111111      11      11111111                  111111111111                9999   999                               1111111111111111                                   
             9999                                   9999   1111111111                           11                                111111111111   1111111111111111111111111111111111111111111           1111111111111111                                   
             999                                   9999                                         11                                               1111111111111111111111111111111111111111111           1111111111111111                                   
             999                1111111111111111111111111                                       11                                               1111111111111111111111111111111111111111111           1111111111111111                                   
      1111111111111111          1111111111111111111111111                                    11111111                                            1111111111111111111111111111111111111111111           1111111111111111                                   
      1111111111111111          1111111111111111111111111                                    11111111                                            1111111111111111111111111111111111111111111            11111111111111                                    
      1111111111111111          1111111111111111111111111                                    11111111                                            1111111111111111111111111111111111111111111             1111111111119                                    
      1111111111111111          1111111111111111111111111                                    11111111                                            111111           999999              111111             11111111111199                                   
      1111111111111111          1111111111111111111111111                                    11111111                                            111111           999999              111111             111111111111999                                  
      1111111111111111          1111111111111111111111111                                    11111111                                            111111            99999              111111             11111111111199999                                
      1111111111111111          1111111111111111111111111                                    11111111                                            111111            99999              111111             111111111111999999                               
      1111111111111111          1111111111111111111111111                                    11111111                                            111111             9999              111111              1111111111  9911111111111                       
      1111111111111111          1111111111111111111111111                                                                                        111111             9999              111111               11111111     11111111111                       
      1111111111111111          1111111111111111111111111                                                                                        111111              999              111111                111111      11111111111                       
      1111111111111111          1111111111111111111111111                     1111111111111111111111111                                          111111              999              111111                            11111111111                       
      1111111111111111          1111111111111111111111111                     1111111111111111111111111        1111111111111111111111111         111111              999              111111                            11111111111                       
      111199999999999999999999991111111111111111111111111                     1111111111111111111111111        1111111111111111111111111         111111              999              111111                            11111111111                       
      111199999999999999999999991111111111111111111111111                     1111111111111111111111111        1111111111111111111111111         111111              999              111111                                999                           
      111199999    99999999999991111111111111111111111111                     1111111111111111111111111        1111111111111111111111111         1111111111111111111111111111111111111111111                                999                           
      1111999999                1111111111111111111111111                     1111111111111111111111111        1111111111111111111111111         1111111111111111111111111111111111111111111                                999                           
      11119999999               1111111111111111111111111                     1111111111111111111111111        1111111111111111111111111         1111111111111111111111111111111111111111111                                999                           
   111111111199999              1111111111111111111111111                     1111111111111111111111111        1111111111111111111111111         1111111111111111111111111111111111111111111                                999                           
   1111111111 9999              1111111111111111111111111                     1111111111111111111111111        1111111111111111111111111         1111111111111111111111111111111111111111111                                999                           
   1111111111  9999             1111111111111111111111111                     1111111111111111111111111        1111111111111111111111111         1111111111111111111111111111111111111111111                                999                           
   1111111111  99999            1111111111111111111111111                     1111111111111111111111111        1111111111111111111111111                            999                                                     999                           
   1111111111   99999           1111111111111111111111111                     1111111111111111111111111        1111111111111111111111111                            999                                                     999                           
   1111111111    9999           1111111111111111111111111                     1111111111111111111111111        1111111111111111111111111                            999                                                     999                           
   1111111111     9999            99999         1111                          1111111111111111111111111        1111111111111111111111111                            999                                                     999                           
   1111111111     99999 11111111 99999          1111                          1111111111111111111111111        1111111111111111111111111                            999                                                     999                           
   1111111111      999111111111111999           1111                          1111111111111111111111111        1111111111111111111111111                            999                                                     999                           
   1111111111       9111111111111119            1111                          1111111111111111111111111       91111111111111111111111111                         11111111                                                   999                           
        999          11111111111111         111111111111                      1111111111111111111111111    99991111111111111111111111111                         11111111                                                   999                           
        999         1111111111111111        111111111111                      1111111111111111111111111 99999991111111111111111111111111                         11111111                                                   9999                          
        999         1111111111111111        111111111111                      1111111111111111111111111999999991111111111111111111111111                         11111111                                                   9999                          
        999         1111111111111111        111111111111                      1111111111111111111111111999999  1111111111111111111111111                         11111111                                                    999                          
       9999         1111111111111111            1111                          11111111111111111111111119999    1111111111111111111111111                         11111111                                                    999                          
     11111111       1111111111111111            1111                          11111111111111111111111119       1111111111111111111111111                         11111111                                                    999                          
     1111111199999991111111111111111            1111                          1111111111111111111111111        1111111111111111111111111                         11111111                                                    999                          
     1111111199999991111111111111111            1111                              11111 9999999999             1111111111111111111111111                           911                                                   1111111111111111                 
     111111119999999911111111111111             1111                              1111199999999                           999                                      911                                                   1111111111111111                 
     111111119        111111111111              1111                              11111999999                             999                                      911                                                   1111111111111111                 
     11111111         111111111111              1111                              11111999                                999                         11111111     911      11111111                                     1111111111111111                 
                      111111111111                                            1111111111111                               999                         11111111     911      11111111                                     1111111111111111                 
                      111111111111                                          11111111111111111                             999                         11111111     911      11111111                                     1111111111111111                 
                      111111111111                                         1111111111111111111                            999                         111111111111111111111111111111    1111111111111111111111111111     1111111111111111                 
                       1111111111                                         111111111111111111111                           999                         111111111111111111111111111111    1111111111111111111111111111     1111111111111111                 
                        11111111                                         11111111111111111111111                         11111                        11111111   99911      11111111    1111111111111111111111111111     1111111111111111                 
                         111111                                         911111111111111111111111                         11111                        11111111  999911      11111111    111  11  11  11  11  11  111     1111111111111111                 
                          999                                         991111111111111111111111111                        11111                        11111111 9999911      11111111    111  11  11  11  11  11  111     1111111111111111                 
                          999                                       99991111111111111111111111111                        11111                                99999911                  1111111111111111111111111111999991111111111111111                 
                          999                                      999991111111111111111111111111                        11111                               999999911                  1111111111111111111111111111999991111999                          
                          999                                    99999991111111111111111111111111                      111111111                            99999 9911                  1111111111111111111111111111999991111999                          
                          999                                  9999999  1111111111111111111111111                      111111111                           99999 11111111               1111111111111111111111111111     1111999                          
                          999                                 9999999   1111111111111111111111111                    1111111111111                        99999  11111111               1111111111111111111111111111     11119999                         
            1111111111111111111111111111111   111111111111111111111     1111111111111111111111111                    1111111111111                       99999   11111111               111  11  119911  11  11  111     11119999                         
            1111111111111111111111111111111   111111111111111111111     1111111111111111111111111                   111111111111111                     99999    11111111               111  11  119911  11  11  111  11111111119                         
            1111111111111111111111111111111   111111111111111111111     1111111111111111111111111                   111111111111111                    99999     11111111               1111111111111111111111111111  11111111119                         
            1111111111111111111111111111111999111111111111111111111     1111111111111111111111111                   111111111111111                   99999      11111111               1111111111111111111111111111  11111111119                         
            1111111111111111111111111111111999111111111111111111111     1111111111111111111111111                   11111111111111199                99999       11111111               1111111111111111111111111111  11111111119                         
            1111111111111111111111111111111999111111111111111111111     1111111111111111111111111                   1111111111111119999             99999        11111111                      9999                   11111111119                         
                     999999 999999         999111111111111111111111     1111111111111111111111111                   111111111111111999999          99999         999                           9999                   11111111119                         
                    999999   99911111111999999111111111111111111111     1111111111111111111111111                   111111111111111999999999      99999          999                          9999                    111111111199                        
                   99999      9911111111999999999                       1111111111111111111111111                  9111111111111111  99999991111111111           999                         99999                    111111111199                        
                  99999         1111111199999                           1111111111111111111111111                 99999                999991111111111          9999                         9999                     111111111199                        
     11111111   999999          1111111199                              1111111111111111111111111                99999                    991111111111          9999                        99999                     111111111199                        
   111111111111999999           11111111                                1111111111111111111111111               99999                       1111111111          999                         9999                               999                        
  111111111111119999            11111111                                                                       99999                        1111111111          999                        9999                                999                        
  1111111111111199              9999                                                                          99999                         11111111119         999                        9999                                999                        
 1111111111111111               9999                                                                         99999                           9999 9999999       999                       9999                                 9999                       
 1111111111111111               999                                                                          9999                            9999  9999999      999                       9999                                 9999                       
 1111111111111111              9999                                                                         9999                             999     9999999    999                      9999                                   999                       
 1111111111111111              9999                                                                        99999                            9999       9999999 9999                      9999                                   999                       
 1111111111111111              999                                                                        99999                             9999        99991111111111   1111111111111111111111111111111                        999                       
 1111111111111111             9999                                                                       99999                              999           991111111111   1111111111111111111111111111111                        999                       
 1111111111111111             9999                                                                      99999                              9999            911111111119991111111111111111111111111111111                        999                       
  11111111111111             9999                                                                      99999                               9999             11111111119991111111111111111111111111111111                        999                       
   11111111111199            9999                                                                     99999                               9999              11111111119991111111111111111111111111111111                        9999                      
   111111111111999           999                                                                     99999                                9999              1111111111   1111111111111111111111111111111                      1111111111                  
   11111111111199999      111199                                                                    99999                                 999                  9999               999999                                      1111111111                  
   111111111111999999     111199                                                                   99999                                 9999                   999              99999                                        1111111111                  
   111111111111 9999999   11119                                                   1111111111111111111111111111111                        9999  1111111111111111111111111111111111111111111                                    1111111111                  
    1111111111    9999999 11119                                                   1111111111111111111111111111111                       9999   1111111111111111111111111111111111111111111                                    1111111111                  
     11111111      999111111111111                                                1111111111111111111111111111111                       9999   1111111111111111111111111111111111111111111                                    1111111111                  
      111111         9111111111111                                                1111111111111111111111111111111                       999    1111111111111111111111111111111111111111111                                    999999999                   
        999           111111111111                                                1111111111111111111111111111111                      9999    1111111111111111111111111111111111111111111                                   99999 9999                   
        9999          111111111111                                                1111111111111111111111111111111                      9999    1111111111111111111111111111111111111111111                              111111111   9999                  
        9999            991111999999                                                           9999                                    999     111111            9999   999999      111111           11111111111        111111111   9999                  
         999          99991111999999999                1111111111                              9999                                   9999     111111             999  99999        111111           11111111111        111111111    9999                 
         999         999991111999999999999             1111111111                              999                                    9999     111111             999999999         111111           11111111111        111111111    99999                
         999        99999911119   9999999999           1111111111                              999                                   9999      111111             99999999          111111           11111111111        111111111     9999                
        11111111   99999  11119      9999999999        1111111111                              999                                   9999      111111            99999999           111111           1111111111111111111111111111      9999               
      11111111111199999   111199        9999999999     1111111111                              999                                   999       111111        9999999999             111111           1111111111111111111111111111      99999              
     11111111111111999    111199          99999999999  1111111111                              999                                  9999       111111    9999999999999              111111           11111111111       9111111111       9999              
     1111111111111199        9999            99999999991111111111                              999                                  9999       11111199999999999999999              111111           11111111111      99111111111        9991111111111    
    1111111111111111         9999  11111        99999991111111111                             9999                                  999        1111119999999999    9999             111111           11111111111     99999  11           9991111111111    
    1111111111111111          999  11111           99991111111111                        1111111111111111                1111111111111111111119111111999999        9999             111111               11         99999   11            991111111111    
    1111111111111111          9999 11111              91111111111                        1111111111111111                111111111111111111111911111199             999             111111               11        99999    11             91111111111    
    1111111111111111          9999 11111               1111111111999                     1111111111111111                11111111111111111111191111111111111111111111111111111111111111111               11        9999     11             91111111111    
    1111111111111111           1111111111111         9911111111119999999                 1111111111111111                11111111111111111111191111111111111111111111111111111111111111111               11       9999      11              1111111111    
    1111111111111111         11111111111111111     999911111111119999999999              1111111111111111                111111111111111111111 1111111111111111111111111111111111111111111               11      9999999999 11              1111111111    
    1111111111111111        1111111111111111111   999991111111111 999999999999           1111111111111111                111111111111111111111 1111111111111111111111111111111111111111111               11      9999999999911999999999999  1111111111    
     1111111111111199      11111111111111111111199999991111111111     99999999999        1111111111111111                111111111111111111111 1111111111111111111111111111111111111111111           1111111111199999999999911999999999999991111111111    
      11111111111199999   111111111111111111111119999  1111111111        99999999999     1111111111111111                111111111111111111111 1111111111111111111111111111111111111111111           111111111119999     99911999999999999991111111111    
      1111111111119999999 11111111111111111111111999   1111111111           999999999999 1111111111111111                                                            999                             11111111111999         11          99991111111111    
      111111111111 9999991111111111111111111111111     1111111111              99999999991111111111111111                                          1111111111111111111111111111111111111111111       11111111111999   111111111111          1111111111    
      111111111111   99991111111111111111111111111     1111111111                 99999991111111111111111                                          1111111111111111111111111111111111111111111       1111111111199    111111111111          1111111111    
      111111111111     991111111111111111111111111                                    9991111111111111111                                          1111111111111111111111111111111111111111111       1111111111199    111111111111          1111111111    
       1111111111        1111111111111111111111111                                       1111999                                                   1111111111111111111111111111111111111111111       11111111111111111111111111111          1111111111    
        11111111         1111111111111111111111111                                       1111999                                                   1111111111111111111111111111111111111111111       11111111111111111111111111111          1111111111    
         111111          1111111111111111111111111                                       1111                                                      1111111111111111111111111111111111111111111       111111111119     111111111111          1111111111    
                         1111111111111111111111111                                       1111                                                      111111             999               111111       11111111111      111111111111          1111111111    
                         1111111111111111111111111                                       1111                                                      111111             999               111111       11111111111      111111111111          1111111111    
                         1111111111111111111111111                                    1111111111                                                   111111             9999              111111              999       111111111111                        
                         1111111111111111111111111                                    1111111111                                                   111111             9999              111111             9999       111111111111                        
                         1111111111111111111111111                                    1111111111                                                   111111              9999             111111             9999       111111111111                        
                         1111111111111111111111111                                    1111111111                                                   111111              99999999         111111            9999                                            
                         1111111111111111111111111                                    1111111111                                                   111111              99999999999      111111            9999                                            
                         1111111111111111111111111                                    1111111111                                                   111111                9999999999999  111111            999                                             
                         1111111111111111111111111                                    1111111111                                                   111111                    99999999999111111           9999                                             
                         1111111111111111111111111                                    1111111111                                                   111111                       99999999111111           9999                                             
                         1111111111111111111111111                                    1111111111                                                   111111                           9999111111999       9999                                              
                         1111111111111111111111111                                    1111111111                                                   1111111111111111111111111111111111111111111999999 11111111                                             
                                                                                                                                                   1111111111111111111111111111111111111111111999999911111111                                             
                                                                                                                                                   1111111111111111111111111111111111111111111 99999911111111                                             
                                                                                                                                                   1111111111111111111111111111111111111111111    99911111111                                             
                                                                                                                                                   1111111111111111111111111111111111111111111       11111111                                             
                                                                                                                                                   1111111111111111111111111111111111111111111       11111111                                             
                                                                                                                                                                                                                                                          
